Accuracy: 0.4333
Classification Report:
              precision    recall  f1-score   support

           0     0.0000    0.0000    0.0000         2
           2     0.0000    0.0000    0.0000         0
           3     0.0000    0.0000    0.0000         6
           5     0.5000    0.4000    0.4444         5
           6     1.0000    0.6154    0.7619        13
           7     0.0000    0.0000    0.0000         1
           8     0.4375    0.7778    0.5600         9
          10     1.0000    0.5000    0.6667         2
          11     0.2982    0.4048    0.3434        42
          12     0.0000    0.0000    0.0000         1
          13     0.0000    0.0000    0.0000         4
          14     0.0000    0.0000    0.0000         1
          15     0.6667    1.0000    0.8000         2
          16     0.4167    0.3571    0.3846        14
          17     0.6667    0.1818    0.2857        11
          19     0.0000    0.0000    0.0000         1
          20     0.0000    0.0000    0.0000         0
          21     0.6429    0.4286    0.5143        21
          22     0.0000    0.0000    0.0000         2
          23     0.0000    0.0000    0.0000         2
          24     0.8000    0.2222    0.3478        18
          25     1.0000    0.0714    0.1333        14
          26     0.8000    0.8000    0.8000         5
          27     1.0000    0.2000    0.3333         5
          28     1.0000    0.5000    0.6667         4
          30     1.0000    1.0000    1.0000         3
          31     0.4800    0.2791    0.3529        43
          33     1.0000    1.0000    1.0000         1
          35     0.0000    0.0000    0.0000         1
          37     1.0000    1.0000    1.0000         2
          40     1.0000    0.1667    0.2857         6
          42     0.3333    0.2000    0.2500         5
          44     0.0000    0.0000    0.0000         1
          45     0.5000    0.2500    0.3333         8
          46     0.6667    1.0000    0.8000         4
          47     1.0000    0.3125    0.4762        16
          48     0.0000    0.0000    0.0000         2
          49     1.0000    0.6667    0.8000         3
          50     0.0000    0.0000    0.0000         1
          51     1.0000    0.6667    0.8000         6
          52     0.0000    0.0000    0.0000         1
          53     0.0000    0.0000    0.0000         3
          54     0.3333    0.2500    0.2857         4
          55     0.0000    0.0000    0.0000         1
          56     0.5000    0.5000    0.5000         2
          57     0.0000    0.0000    0.0000         1
          58     1.0000    1.0000    1.0000         1
          59     1.0000    1.0000    1.0000         1
          60     1.0000    1.0000    1.0000         2
          61     1.0000    0.2500    0.4000         4
          62     0.7500    1.0000    0.8571         3
          63     0.0000    0.0000    0.0000         0
          64     0.6667    1.0000    0.8000         2
          65     1.0000    0.3333    0.5000         3
          66     0.0000    0.0000    0.0000         2
          67     1.0000    0.3000    0.4615        10
          68     0.6667    0.2963    0.4103        27
          69     0.0000    0.0000    0.0000         1
          70     0.0000    0.0000    0.0000         1
          71     0.0000    0.0000    0.0000         1
          72     1.0000    0.2000    0.3333         5
          73     0.0000    0.0000    0.0000         1
          74     0.0000    0.0000    0.0000         2
          75     0.4615    0.6000    0.5217        10
          76     0.0000    0.0000    0.0000         1
          77     0.5000    0.4000    0.4444         5
          78     0.0000    0.0000    0.0000         1
          79     0.5455    0.4000    0.4615        15
          80     0.5000    0.1429    0.2222         7
          81     1.0000    0.5000    0.6667         2
          82     1.0000    1.0000    1.0000         1
          83     0.0000    0.0000    0.0000         4
          84     0.2381    0.2083    0.2222        24
          85     0.0000    0.0000    0.0000         1
          86     1.0000    0.5000    0.6667         2
          87     0.0000    0.0000    0.0000         1
          88     0.5000    0.0833    0.1429        12
          89     1.0000    0.5000    0.6667         2
          90     0.6667    0.5000    0.5714         4
          91     0.3462    0.4737    0.4000        38
          92     0.5000    1.0000    0.6667         1
          93     0.6000    0.3000    0.4000        10
          94     0.3333    0.3333    0.3333         3
          95     1.0000    0.5000    0.6667         4
          96     0.0000    0.0000    0.0000         4
          97     0.0000    0.0000    0.0000         2
          98     1.0000    0.4000    0.5714         5
          99     0.6667    0.1429    0.2353        14
         100     1.0000    0.5000    0.6667         2
         101     0.8571    0.8571    0.8571         7
         102     0.3333    0.2000    0.2500         5
         103     0.0000    0.0000    0.0000         1
         104     0.5833    0.5385    0.5600        13
         106     1.0000    0.6667    0.8000         6
         107     0.0000    0.0000    0.0000         2
         109     1.0000    1.0000    1.0000         1
         110     0.0000    0.0000    0.0000         2
         111     1.0000    0.3333    0.5000         6
         112     0.0000    0.0000    0.0000         1
         113     0.0000    0.0000    0.0000         1
         114     0.3333    0.2500    0.2857         4
         115     1.0000    0.5000    0.6667         2
         116     1.0000    1.0000    1.0000         1
         117     1.0000    1.0000    1.0000         1
         118     1.0000    1.0000    1.0000         1
         119     0.3333    0.3333    0.3333         3
         120     0.0000    0.0000    0.0000         1
         121     1.0000    1.0000    1.0000         1
         122     0.3333    0.3333    0.3333         3
         123     1.0000    1.0000    1.0000         1
         124     0.0000    0.0000    0.0000         2
         125     0.8333    0.2941    0.4348        17
         126     0.0000    0.0000    0.0000         1
         127     1.0000    0.4000    0.5714         5
         128     1.0000    0.2857    0.4444         7
         129     1.0000    0.5000    0.6667         2
         131     0.3333    0.0909    0.1429        11
         132     0.5000    0.3333    0.4000        12
         134     0.0000    0.0000    0.0000         1
         135     0.4545    0.2381    0.3125        21
         136     0.3148    0.3864    0.3469        44
         137     0.0000    0.0000    0.0000         0
         138     0.4419    0.7173    0.5469       191
         139     0.6667    1.0000    0.8000         2
         140     0.0000    0.0000    0.0000         1
         142     0.0000    0.0000    0.0000         1
         143     1.0000    0.2500    0.4000         4
         144     1.0000    0.5000    0.6667         2
         145     1.0000    1.0000    1.0000         1
         146     0.3333    0.2500    0.2857         4
         147     1.0000    1.0000    1.0000         1
         148     0.7500    0.6000    0.6667         5
         149     0.3333    0.1538    0.2105        13
         150     0.5333    0.3810    0.4444        21
         152     1.0000    0.6667    0.8000         3
         153     0.6000    0.3333    0.4286        27
         154     1.0000    0.6667    0.8000         3
         155     0.0000    0.0000    0.0000         1
         156     0.0000    0.0000    0.0000         1
         157     0.3333    1.0000    0.5000         1
         160     0.5714    0.4000    0.4706        20
         162     0.0000    0.0000    0.0000         1
         163     0.4000    0.3000    0.3429        20
         165     0.6154    0.2424    0.3478        33
         166     0.2914    0.5730    0.3864       178

    accuracy                         0.4333      1260
   macro avg     0.4901    0.3530    0.3808      1260
weighted avg     0.4990    0.4333    0.4157      1260

Confusion Matrix Image: D:\office works\SST8396\confusion_matrix.png
Classes: 203
Features: 42
